5 cycles
{'densenet121': {'f1': 0.9597934341571377,
  'precision': 0.9708955223880597,
  'recall': 0.9489423778264041,
  'acc_t': 0.9611823361823362,
  'acc_v': 0.96875},
 'resnet50': {'f1': 0.9587324981577008,
  'precision': 0.9687267311988086,
  'recall': 0.9489423778264041,
  'acc_t': 0.9601139601139601,
  'acc_v': 0.9659090909090909},
 'vgg16_bn': {'f1': 0.9544787077826725,
  'precision': 0.9608277900960828,
  'recall': 0.9482129832239241,
  'acc_t': 0.9558404558404558,
  'acc_v': 0.9644886363636364}}